basic/dataset_0/scan_000_normalmap.png 1245,668,1529,950,0 814,543,1096,807,0 1095,434,1361,718,0 464,731,742,1013,0 901,547,1187,833,0 1218,869,1506,1151,0 487,445,767,723,0 760,306,1044,582,0 1401,372,1669,646,0 582,934,852,1218,0 891,761,1179,1035,0 528,468,818,752,0 1339,416,1635,704,0 608,302,898,576,0 1348,322,1648,614,0 318,728,586,1002,0 818,965,1104,1237,0 818,482,1110,774,0 311,823,583,1095,0 1114,960,1404,1240,0
basic/dataset_0/scan_001_normalmap.png 1247,667,1529,953,0 811,536,1093,812,0 1096,433,1362,717,0 436,730,732,1022,0 900,542,1192,834,0 1220,869,1512,1157,0 470,437,764,723,0 755,302,1043,576,0 1406,372,1662,648,0 565,939,845,1235,0 515,464,813,750,0 1340,418,1630,702,0 602,293,900,565,0 1351,324,1645,610,0 284,722,574,1014,0 816,956,1110,1250,0 822,476,1118,770,0 1118,961,1408,1247,0
basic/dataset_0/scan_002_normalmap.png 1271,655,1593,973,0 789,516,1105,816,0 1104,392,1402,710,0 398,726,712,1038,0 885,520,1205,842,0 1240,882,1566,1198,0 427,404,735,718,0 728,250,1044,560,0 1448,318,1756,630,0 531,952,827,1270,0 469,434,791,752,0 1378,369,1714,695,0 1388,261,1730,593,0 798,968,1116,1290,0 791,448,1119,776,0 1121,985,1447,1295,0
basic/dataset_0/scan_003_normalmap.png 1251,664,1545,956,0 810,526,1100,812,0 1097,426,1369,716,0 444,732,734,1020,0 897,540,1191,836,0 1223,870,1521,1166,0 476,437,762,725,0 755,299,1043,577,0 1410,359,1686,641,0 568,939,842,1235,0 516,463,812,751,0 1347,406,1649,698,0 1355,309,1663,605,0 816,952,1110,1250,0
basic/dataset_0/scan_004_normalmap.png 1250,666,1536,956,0 808,526,1098,812,0 1094,430,1366,716,0 429,730,729,1024,0 899,539,1195,835,0 1222,869,1518,1163,0 464,430,762,724,0 752,298,1044,574,0 1392,364,1668,646,0 510,457,812,749,0 1343,415,1637,701,0 813,953,1107,1251,0
basic/dataset_0/scan_005_normalmap.png 1241,670,1519,946,0 818,531,1098,811,0 1094,439,1356,719,0 468,731,748,1007,0 903,552,1185,834,0 494,447,772,725,0 1387,369,1659,649,0 534,473,820,755,0 1335,422,1625,706,0 827,941,1103,1219,0
basic/dataset_0/scan_006_normalmap.png 1246,667,1528,949,0 812,526,1098,812,0 1094,432,1380,716,0 445,731,737,1019,0 475,436,765,724,0 1388,363,1666,651,0 518,464,814,754,0 820,947,1106,1235,0
basic/dataset_0/scan_007_normalmap.png 1259,659,1563,963,0 802,515,1102,813,0 1099,414,1401,712,0 424,730,724,1028,0 457,425,757,725,0 1409,337,1709,643,0
basic/dataset_0/scan_008_normalmap.png 1256,661,1554,959,0 1097,421,1395,713,0 426,731,726,1027,0 1401,348,1693,648,0
basic/dataset_0/scan_009_normalmap.png 1271,655,1587,971,0 384,727,706,1045,0
basic/dataset_0/scan_010_normalmap.png 338,647,616,937,0 779,772,1071,1060,0 1263,747,1561,1035,0 407,288,699,576,0 916,380,1212,668,0 309,438,587,736,0 972,419,1270,717,0 1284,434,1586,732,0 1326,783,1632,1085,0
basic/dataset_0/scan_011_normalmap.png 1448,962,1764,1274,0 924,590,1228,892,0 545,559,847,859,0 587,961,889,1257,0 1522,967,1846,1277,0 616,274,912,578,0 1082,570,1396,878,0 891,963,1191,1271,0 1521,686,1839,976,0 1221,272,1531,574,0 1247,838,1563,1146,0 1229,575,1537,875,0 1054,265,1354,577,0 298,954,582,1256,0 1152,873,1462,1183,0 1523,650,1847,964,0 298,333,572,635,0 279,959,585,1265,0 1527,741,1857,1055,0 310,279,616,579,0 843,855,1151,1163,0
basic/dataset_0/scan_012_normalmap.png 1377,940,1655,1218,0 910,607,1184,881,0 556,576,838,854,0 596,947,876,1219,0 1447,944,1729,1218,0 621,315,897,593,0 1058,590,1338,868,0 877,946,1153,1226,0 1444,697,1720,953,0 1178,323,1454,595,0 1184,595,1458,871,0 316,943,590,1223,0 1448,664,1730,940,0 317,363,581,645,0 305,947,593,1231,0 335,314,625,592,0 839,848,1117,1126,0
basic/dataset_0/scan_013_normalmap.png 1399,938,1695,1232,0 901,582,1195,878,0 519,550,821,848,0 565,948,865,1236,0 587,266,885,568,0 866,946,1162,1242,0 1472,679,1768,953,0 1188,274,1488,570,0 1195,570,1489,864,0 267,943,563,1243,0 1477,644,1779,942,0 258,319,546,623,0 276,265,590,569,0
basic/dataset_0/scan_014_normalmap.png 1419,959,1725,1261,0 912,597,1208,895,0 535,566,835,862,0 575,963,877,1255,0 604,286,898,584,0 877,963,1175,1265,0 1491,674,1797,972,0 1201,291,1501,583,0 285,340,573,640,0
basic/dataset_0/scan_015_normalmap.png 1467,979,1809,1317,0 529,982,863,1308,0 864,983,1194,1319,0 1548,661,1890,993,0 208,291,526,623,0
basic/dataset_0/scan_016_normalmap.png 1459,965,1791,1291,0
basic/dataset_0/scan_017_normalmap.png 1438,944,1702,1212,0 1067,710,1341,982,0 1190,949,1464,1225,0 513,587,793,851,0 667,810,943,1082,0 912,937,1180,1213,0 314,367,592,647,0 855,579,1135,855,0 1451,324,1711,596,0 348,830,630,1112,0 657,884,939,1166,0 416,695,706,977,0 851,433,1133,715,0 1196,472,1460,736,0 954,320,1228,592,0 1392,369,1666,641,0 378,971,668,1259,0 1024,954,1298,1234,0 455,349,747,619,0 1130,435,1406,711,0 583,390,865,664,0 1323,271,1593,555,0
basic/dataset_0/scan_018_normalmap.png 1452,950,1718,1222,0 1069,710,1345,984,0 1192,951,1466,1229,0 527,580,799,846,0 676,808,942,1076,0 914,935,1182,1209,0 337,375,601,647,0 856,580,1132,854,0 1459,315,1737,593,0 374,825,640,1097,0 661,881,937,1157,0 431,695,711,969,0 1197,461,1471,737,0 955,318,1229,594,0 1393,362,1681,642,0 1019,955,1297,1235,0 1125,433,1407,713,0 589,394,867,664,0
basic/dataset_0/scan_019_normalmap.png 1455,954,1737,1232,0 1070,708,1354,990,0 511,575,791,849,0 665,810,939,1084,0 910,940,1186,1222,0 314,363,602,645,0 1470,303,1754,589,0 353,828,629,1108,0 650,884,934,1170,0 412,693,700,977,0 1201,452,1481,736,0 952,306,1234,590,0 1403,351,1699,639,0 1128,424,1418,712,0
